1
1,1
1,2,2
2,3,2
12,2
8,7,1
10,7,1
12,7,2
13,8,2
13,8,1
15,8,1
15,9,1
3,15,1,7,2
25,4,1
4,18,5,1
3,14,3,1
3,15,1,2
2,16,1,2
4,18,1
3,14,1
4,15,2
6,4,14,2
5,1,2,8,3,1
2,2,7,5,1
6,1,3,14,2
1,1,1,1,3,1,2,1
1,1,2,1,2
1,1,1,2,2
1,1,1,2,2
1,1,1,1,1,2
1,2,3,2
1,2
3,3,2
5,2,1,2
7,5,2
6,3,3
6,1,1,2
2,1,1,1,2,5
1,4,3,6
2,1,8,6
2,2,4,3,2
1,1,2,3,3,4
2,2,2,3,2,4
1,3,4,4,1,6
2,1,7,3,1,2,1,3
1,1,2,4,3,2,1,4,1
1,1,2,2,5,2,1,1,1,3
2,1,5,2,6,2,1,1,3,2
1,1,1,1,2,3,5,2,1,2,1,3
1,3,1,2,4,1,3,3,2,4
2,3,3,2,2,6,2,2,2,1
1,7,2,2,2,3,2,1,1,1
1,4,7,5,4,1,1,1,2
1,1,4,4,2,2,5,1,4
1,2,9,3,4,2,1,3
2,3,2,2,5,3,3,1,1,1
2,1,1,2,2,3,3,5,2,1,1,2
2,2,2,3,4,1,3,3,3,5
2,3,1,12,2,8,2
2,4,17,2,3,1,1,2

4
5
6
4
4,4
6,3
6,3,1
1,3,5,2,3
1,5,7,17
3,5,1,3,1,4,2,2
3,7,2,2,8,3
2,18,3,3,4,3
1,4,1,1,1,1,4,3,5,4,1
1,2,1,1,1,2,1,2,2,2,7
3,1,4,7,3,2,3,1,3
2,3,1,2,2,4,2,1,1,3
5,1,3,1,2,1,3,2
7,1,2,2,1,3,3,2
8,2,2,2,5,5,3
9,1,1,3,2,2,3,3
12,1,1,1,1,5,2,4
13,1,2,2,2,3,2,4
14,1,1,2,3,3,2
17,2,2,2,4,2
26,1,1,3,2,5
23,1,2,3,2,1
24,2,2,5,3,1
22,5,1,3,3,3
21,12,2,2,2,2
2,23,1,3,1,3,3,1
4,15,6,2,7,1
6,10,1,6,2,3,4
5,1,7,1,1,5,2,2,3
11,6,8,2,2,2,7
8,1,6,7,2,4,7,2
8,1,8,2,7,2,2
10,7,4,3
10,1,5,10,3
7,1,1,3,11
6,4,6,1
4,1,1,11
2,5,2,2,2
3,2,3,2
26,1,5,2,3,1
3,2,1,2,2,1,1,2,1,2,1